99
187
1 4 10
2 4 14
3 4 13
5 4 15
6 4 11
7 4 16
8 6 18
9 6 12
10 6 17
1 9 100
3 10 60
11 14 10
12 14 14
13 14 13
15 14 15
16 14 11
17 14 16
18 16 18
19 16 12
20 16 17
11 19 100
13 20 60
21 24 10
22 24 14
23 24 13
25 24 15
26 24 11
27 24 16
28 26 18
29 26 12
30 26 17
21 29 100
23 30 60
31 34 10
32 34 14
33 34 13
35 34 15
36 34 11
37 34 16
38 36 18
39 36 12
40 36 17
31 39 100
33 40 60
41 44 10
42 44 14
43 44 13
45 44 15
46 44 11
47 44 16
48 46 18
49 46 12
50 46 17
41 49 100
43 50 60
51 54 10
52 54 14
53 54 13
55 54 15
56 54 11
57 54 16
58 56 18
59 56 12
60 56 17
51 59 100
53 60 60
61 64 10
62 64 14
63 64 13
65 64 15
66 64 11
67 64 16
68 66 18
69 66 12
70 66 17
61 69 100
63 70 60
71 74 10
72 74 14
73 74 13
75 74 15
76 74 11
77 74 16
78 76 18
79 76 12
80 76 17
71 79 100
73 80 60
81 84 10
82 84 14
83 84 13
85 84 15
86 84 11
87 84 16
88 86 18
89 86 12
90 86 17
81 89 100
83 90 60
91 92 183
92 93 166
93 94 149
94 95 132
95 96 115
96 97 98
97 98 81
98 99 64
5 15 82
10 20 87
15 25 92
20 30 97
25 35 102
30 40 107
35 45 112
40 50 117
45 55 122
50 60 127
55 65 132
60 70 137
65 75 142
70 80 147
75 85 152
80 90 157
85 95 162
2 12 294
12 22 264
22 32 234
32 42 204
42 52 174
52 62 144
62 72 114
72 82 84
82 92 54
3 13 333
13 23 333
23 33 333
33 43 333
43 53 333
53 63 333
63 73 333
73 83 333
83 93 333
4 14 343
14 24 343
24 34 343
34 44 343
44 54 343
54 64 343
64 74 343
74 84 343
84 94 343
6 16 363
16 26 363
26 36 363
36 46 363
46 56 363
56 66 363
66 76 363
76 86 363
86 96 363
7 17 373
17 27 373
27 37 373
37 47 373
47 57 373
57 67 373
67 77 373
77 87 373
87 97 373
8 18 383
18 28 383
28 38 383
38 48 383
48 58 383
58 68 383
68 78 383
78 88 383
88 98 383
9 19 193
19 29 193
29 39 193
39 49 193
49 59 193
59 69 193
69 79 193
79 89 193
89 99 193
